0
52
52
52
52
52
52
52
56
52
------------------
Media: 47.20
CV: 5.04
------------------
0
------------------
Media: 0.00
CV: nan
------------------
0
52
56
56
52
52
56
52
56
52
52
------------------
Media: 48.73
CV: 4.85
------------------
0
52
56
56
52
56
52
56
52
52
52
------------------
Media: 48.73
CV: 4.85
------------------
0
52
52
56
52
52
52
52
52
56
52
------------------
Media: 48.00
CV: 4.95
------------------
0
52
56
52
52
52
56
52
56
56
------------------
Media: 48.40
CV: 4.83
------------------
